1.575790405914320458e-01
-1.579566220972190294e-01
2.243851942890335294e-01
-6.020596408860227206e-02
-2.871233705861498953e-01
-2.973692834759707471e-01
1.986549545826410065e-02
-2.617621206243860854e-01
1.566483005391733629e-01
-2.653763139729656828e-01
-1.799053678335720274e-01
-8.471261891137261690e-01
3.873480973128352600e-01
1.528743052422690263e-02
-1.290274287547748255e-01
-1.652669847590908792e-01
-4.420531822077454209e-01
-2.888741426779826149e-01
-5.520049477427653173e-01
-3.697978100971420767e-01
6.282185445426329284e-01
-1.620364624807494602e-01
5.537153643339165487e-02
-3.341565573310050635e-02
3.210575303179547674e-02
1.617301407992838003e-01
-2.316538424246669323e-02
4.953410145532272796e-02
4.173446847068820187e-01
1.029924681255021818e-01
2.973156462836403779e-01
5.064377649280311644e-01
-6.110491894663088591e-02
1.364584886872314412e-02
-7.054513625593100690e-02
2.119323775266636900e-01
1.094624226717218901e-01
1.889014051860157806e-02
2.046630414065433307e-02
1.830661855949585470e-01
1.480387138650569312e-01
1.324095475286639900e-01
5.695585919785437490e-01
-1.274688681171383953e-01
2.422170092361327354e-01
2.058676698325844767e-01
4.489720232677635314e-01
1.486390129865136078e-01
-2.007635852862328651e-01
-2.511840775135245618e-01
-2.301339153647254110e-02
-6.554184837661664043e-02
-5.027120530944963889e-02
-6.234801844749958688e-01
-1.855588218477748907e-01
3.528781304954695663e-01
-7.978574860679059702e-03
1.010395932017764398e-02
1.801157355629225965e-01
-2.250372356021214104e-01
-5.550739924268313086e-01
5.598591205523972825e-01
1.132077655363940838e-01
-3.645526499064610237e-01
4.079985153566850764e-01
-2.814197606091203285e-01
-1.499625008579453245e-01
-2.785921895838223694e-01
-2.845444551706822756e-01
4.198366613938765979e-01
-1.715573175903099129e-02
-6.060846480682766657e-01
3.497957814953950861e-01
1.652482172272315974e-01
3.274846179879419839e-01
-1.175155745418608594e-01
3.073722462809006517e-01
-1.766893196766904373e-01
-5.231101157120373463e-02
2.650012630453774110e-01
-1.842724257454085857e-01
-3.426597776309376897e-01
-1.052313081626532337e-01
8.815356310618732705e-02
-3.229442965261548615e-01
-4.226833495134269536e-01
-2.156935772408927476e-01
-1.161968875152051897e-02
-1.047928410320197457e-01
3.021012261069015992e-01
-3.240773643215103528e-01
-7.949329929478303469e-02
-6.641791963146062017e-01
-2.526462353944439881e-02
-4.145027559875448242e-01
1.808067040712962870e-01
-2.461067080739261226e-01
6.244076394364679594e-02
1.968908317482381543e-01
-4.068657142581947467e-02
-3.865967976469480427e-01
2.487473403580565123e-01
-7.038322331081032779e-01
7.572594310966092312e-02
1.622118541058282792e-01
1.610956327522709841e-01
2.468951563983534398e-03
2.675442344664265629e-02
6.477939918699028576e-04
-2.900096933595359139e-01
2.928749661481661049e-01
1.508245818172024855e-01
4.822314689850953906e-02
-1.886098231650256418e-01
1.314774440118358922e-01
-2.177715982798865413e-01
-1.592720323430041884e-01
-1.771303980817554025e-01
-6.656917961819271146e-02
-2.919455733618083956e-02
-2.649891621749976833e-01
-2.145709277244848279e-01
5.615129312349185220e-01
-2.474712291037582390e-01
-9.324262817685730065e-02
2.792276068132197864e-01
1.425376487049669072e-01
-1.462349389561030666e-01
